1       65      0.19982
1       99      0.16019
1       429     0.16451
1       447     0.17715
1       449     0.20668
1       589     0.32903
1       652     0.17715
1       722     0.19193
1       762     0.17715
1       813     0.21935
1       873     0.18574
2       58      0.17101
2       65      0.19982
2       129     0.16296
2       330     0.16296
2       376     0.18034
2       776     0.20772
2       810     0.31438
2       1155    0.25158
2       1158    0.19863
2       1396    0.17778
3       85      0.18539
3       640     0.17766
3       1030    0.19858
4       320     0.30291
4       790     0.18748
4       1224    0.16523
5       135     0.15192
5       140     0.15119
5       304     0.17127
5       458     0.15192
5       538     0.15192
5       862     0.21021
5       1105    0.19682
5       1416    0.20262
5       1423    0.18500
6       71      0.17895
6       398     0.19953
6       1091    0.20878
7       65      0.19982
7       89      0.21215
7       129     0.16296
7       250     0.18563
7       330     0.16296
7       374     0.15052
7       822     0.15362
7       873     0.23144
7       1396    0.17778
8       85      0.18539
8       390     0.17612
8       396     0.17612
8       434     0.19211
8       500     0.17289
8       590     0.15127
8       640     0.17766
8       796     0.15073
8       1030    0.19858
8       1215    0.15127
8       1421    0.17446
9       65      0.19982
9       175     0.17207
9       315     0.23773
9       483     0.17126
9       571     0.15847
9       606     0.18323
9       616     0.16062
9       1120    0.38503
9       1136    0.17040
9       1144    0.15847
9       1327    0.18417
10      25      0.18444
10      536     0.20287
10      657     0.21642
10      895     0.16211
10      1108    0.18035
10      1309    0.20788
10      1385    0.33010
10      1411    0.18444
11      128     0.19739
11      646     0.21135
11      1017    0.17271
12      111     0.15020
12      198     0.15020
12      203     0.15020
12      588     0.27536
12      613     0.17523
12      614     0.20026
12      618     0.15020
12      744     0.15020
12      1123    0.20110
12      1167    0.16078
13      128     0.19739
13      135     0.15192
13      140     0.15119
13      458     0.15192
13      459     0.15760
13      538     0.15192
13      595     0.15906
13      646     0.21135
13      1017    0.17271
13      1314    0.19345
13      1416    0.22295
14      181     0.30293
14      204     0.15147
14      216     0.18176
14      217     0.21205
14      220     0.27264
14      315     0.18489
14      571     0.15847
14      891     0.21205
14      1144    0.15847
14      1147    0.21205
14      1249    0.18176
15      135     0.15192
15      140     0.15119
15      177     0.18735
15      458     0.15192
15      459     0.15760
15      500     0.19530
15      523     0.17089
15      538     0.15192
15      595     0.15906
15      656     0.27691
15      822     0.16238
15      974     0.17089
15      1374    0.17089
15      1417    0.29295
16      135     0.15192
16      140     0.15119
16      458     0.15192
16      459     0.15760
16      538     0.15192
16      595     0.15906
17      736     0.26985
18      419     0.15562
18      668     0.23438
18      674     0.36772
18      698     0.15562
18      701     0.21215
18      1092    0.15911
19      291     0.24821
19      1180    0.21307
19      1391    0.15831
20      134     0.15250
20      135     0.15192
20      140     0.15119
20      458     0.15192
20      538     0.15192
20      595     0.25728
22      181     0.30293
22      204     0.15147
22      216     0.18176
22      217     0.21205
22      220     0.27264
22      891     0.21205
22      1147    0.21205
22      1249    0.18176
23      135     0.15192
23      140     0.15119
23      177     0.18735
23      184     0.22775
23      290     0.17271
23      458     0.15192
23      538     0.15192
23      811     0.17271
23      1037    0.31002
24      373     0.18371
24      694     0.21749
24      896     0.15237
24      938     0.15310
24      1423    0.18500
25      130     0.15067
25      135     0.15192
25      140     0.15119
25      458     0.15192
25      538     0.15192
25      873     0.18081
25      996     0.15067
26      135     0.15192
26      140     0.15119
26      458     0.15192
26      500     0.19530
26      523     0.17089
26      538     0.15192
26      822     0.16238
26      974     0.17089
26      1374    0.17089
26      1417    0.29295
27      135     0.15192
27      140     0.15119
27      458     0.15192
27      459     0.15760
27      500     0.17289
27      538     0.15192
27      590     0.15127
27      595     0.24550
27      1215    0.15127
27      1421    0.17446
28      135     0.15192
28      140     0.15119
28      458     0.15192
28      538     0.15192
29      53      0.22409
29      86      0.15686
29      688     0.20168
29      820     0.17927
30      111     0.15020
30      198     0.15020
30      203     0.15020
30      588     0.27536
30      613     0.17523
30      614     0.20026
30      618     0.15020
30      744     0.15020
31      135     0.15192
31      140     0.15119
31      187     0.20365
31      313     0.21688
31      458     0.15192
31      538     0.15192
32      52      0.30886
32      177     0.18735
32      276     0.16382
32      500     0.17289
32      590     0.15127
32      595     0.18354
32      603     0.16893
32      1215    0.15127
32      1265    0.16893
32      1416    0.20262
32      1421    0.26131
33      46      0.15127
33      67      0.20464
33      135     0.15192
33      140     0.15119
33      458     0.15192
33      459     0.15760
33      538     0.15192
33      594     0.19222
33      595     0.15906
33      606     0.17932
33      980     0.18132
33      1081    0.25097
34      53      0.22409
34      86      0.15686
34      688     0.20168
34      820     0.17927
34      1180    0.21307
34      1391    0.15831
36      19      0.17029
36      390     0.17612
36      396     0.17612
36      477     0.19461
36      549     0.21021
36      572     0.17029
36      1162    0.19208
36      1164    0.19208
36      1185    0.17947
36      1226    0.17182
36      1409    0.15195
36      1422    0.16224
37      99      0.16019
37      261     0.16019
37      329     0.19392
37      489     0.27137
37      500     0.17289
37      517     0.17830
37      590     0.15127
37      649     0.18371
37      666     0.33681
37      757     0.18500
37      761     0.25692
37      798     0.15126
37      820     0.16331
37      894     0.22455
37      1189    0.17456
37      1215    0.15127
37      1421    0.15127
37      1448    0.20167
38      44      0.19126
38      53      0.22409
38      71      0.17895
38      79      0.29712
38      86      0.15686
38      219     0.19581
38      269     0.19804
38      329     0.15310
38      342     0.21021
38      480     0.22877
38      649     0.18371
38      666     0.33681
38      688     0.20168
38      757     0.18500
38      820     0.17927
38      1091    0.20878
38      1216    0.22044
38      1392    0.20503
39      437     0.17347
39      694     0.21749
39      896     0.19955
39      923     0.25638
39      1070    0.16203
39      1416    0.19902
39      1423    0.18500
40      19      0.17029
40      130     0.15067
40      477     0.19461
40      572     0.17029
40      760     0.20897
40      873     0.18081
40      996     0.15067
40      1004    0.16081
40      1076    0.17372
40      1162    0.16618
40      1164    0.16618
40      1407    0.19200
40      1412    0.16822
41      261     0.16019
41      439     0.24800
41      464     0.18461
41      500     0.22836
41      544     0.22049
41      1037    0.31002
41      1189    0.17456
42      65      0.19982
42      101     0.15244
42      656     0.27691
42      784     0.16196
43      65      0.19982
43      391     0.15877
43      432     0.15360
43      500     0.40125
43      517     0.16266
43      590     0.15127
43      616     0.17235
43      816     0.20023
43      1180    0.21307
43      1215    0.15127
43      1421    0.15127
44      3       0.20171
44      65      0.19982
44      76      0.18577
44      97      0.20408
44      110     0.17846
44      111     0.15020
44      183     0.16380
44      198     0.15020
44      203     0.15020
44      442     0.15039
44      489     0.16331
44      511     0.18422
44      588     0.27536
44      613     0.17523
44      614     0.20026
44      618     0.15020
44      691     0.17605
44      744     0.15020
44      777     0.17571
44      784     0.16196
44      820     0.16331
44      894     0.22455
44      1037    0.31002
44      1080    0.22836
44      1160    0.18195
44      1167    0.16363
44      1172    0.16255
44      1182    0.15722
44      1335    0.19762
44      1460    0.20597
45      178     0.20581
45      406     0.20784
45      816     0.19218
46      11      0.23063
46      115     0.31033
46      178     0.31265
46      183     0.16260
46      192     0.15360
46      205     0.26880
46      250     0.27918
46      275     0.16260
46      280     0.15327
46      282     0.17390
46      340     0.29021
46      341     0.16220
46      348     0.16042
46      352     0.22792
46      406     0.20784
46      647     0.16068
46      774     0.19044
46      904     0.15360
46      917     0.15034
46      922     0.18569
46      930     0.26313
46      970     0.16331
46      996     0.20878
46      1018    0.25374
46      1111    0.19464
46      1237    0.19477
46      1239    0.18634
46      1365    0.18348
46      1424    0.17266
46      1436    0.15360
47      74      0.16322
47      130     0.15067
47      348     0.16322
47      411     0.15644
47      438     0.18192
47      607     0.19586
47      873     0.18081
47      996     0.15067
47      1189    0.17456
47      1436    0.16725
47      1441    0.19061
48      85      0.18539
48      107     0.15006
48      132     0.17065
48      329     0.15310
48      348     0.16042
48      371     0.19423
48      640     0.17766
48      649     0.18371
48      666     0.33681
48      924     0.24265
48      964     0.15020
48      982     0.19314
48      1030    0.19858
48      1219    0.16739
48      1432    0.24774
49      3       0.20171
49      30      0.19215
49      109     0.16139
49      181     0.30293
49      187     0.20365
49      204     0.15147
49      216     0.18176
49      217     0.21205
49      220     0.27264
49      313     0.28605
49      558     0.16079
49      837     0.15645
49      891     0.21205
49      1016    0.21621
49      1147    0.21205
49      1249    0.18176
49      1297    0.17130
49      1337    0.16139
50      3       0.15360
50      257     0.15187
50      260     0.15187
50      261     0.16019
50      335     0.40701
50      388     0.15628
50      564     0.20250
50      596     0.17718
50      661     0.17718
50      758     0.25456
50      1066    0.15784
50      1075    0.21611
50      1140    0.16429
50      1230    0.19031
50      1419    0.20250
50      1430    0.37095
50      1442    0.24539
51      19      0.17029
51      53      0.22409
51      86      0.15686
51      151     0.19595
51      477     0.19461
51      489     0.22010
51      500     0.17289
51      530     0.22969
51      572     0.17029
51      590     0.15127
51      603     0.24797
51      688     0.20168
51      820     0.17927
51      1010    0.15287
51      1162    0.17600
51      1164    0.17600
51      1215    0.15127
51      1421    0.21850
52      53      0.22409
52      75      0.18597
52      86      0.15686
52      97      0.20742
52      111     0.15020
52      148     0.15386
52      181     0.30293
52      183     0.19153
52      193     0.19186
52      195     0.16095
52      198     0.15020
52      203     0.15020
52      204     0.18239
52      216     0.18176
52      217     0.21205
52      220     0.36541
52      382     0.20254
52      452     0.30402
52      468     0.17657
52      489     0.22010
52      500     0.17289
52      547     0.15821
52      561     0.19193
52      586     0.40190
52      588     0.27536
52      590     0.15127
52      608     0.28355
52      613     0.17523
52      614     0.20026
52      618     0.15020
52      688     0.20168
52      744     0.15020
52      820     0.17927
52      883     0.20254
52      891     0.21205
52      986     0.20254
52      1010    0.15287
52      1039    0.19193
52      1051    0.19295
52      1147    0.28421
52      1215    0.15127
52      1249    0.18176
52      1255    0.25922
52      1421    0.21850
53      181     0.30293
53      204     0.15147
53      216     0.18176
53      217     0.21205
53      220     0.27264
53      694     0.21749
53      891     0.21205
53      949     0.20167
53      1030    0.19858
53      1147    0.21205
53      1249    0.18176
54      22      0.16964
54      283     0.19073
54      392     0.18938
54      917     0.15034
54      923     0.25112
54      1457    0.17995
55      181     0.30293
55      204     0.15147
55      216     0.18176
55      217     0.21205
55      220     0.27264
55      382     0.20254
55      452     0.16203
55      595     0.15906
55      608     0.28355
55      883     0.24901
55      891     0.21205
55      986     0.20254
55      1051    0.16203
55      1147    0.21205
55      1249    0.18176
56      45      0.18323
56      177     0.15498
56      209     0.39148
56      257     0.15187
56      260     0.15187
56      263     0.19891
56      276     0.15478
56      299     0.16993
56      328     0.16368
56      335     0.22781
56      388     0.15628
56      564     0.20250
56      596     0.17718
56      661     0.17718
56      842     0.15866
56      848     0.24765
56      874     0.20108
56      886     0.22470
56      928     0.37148
56      963     0.27861
56      973     0.21669
56      1252    0.24765
56      1395    0.24765
56      1419    0.20250
57      19      0.17029
57      52      0.17920
57      229     0.15565
57      244     0.18678
57      257     0.15187
57      260     0.15187
57      276     0.20154
57      335     0.22781
57      342     0.21021
57      477     0.19461
57      564     0.20250
57      572     0.17029
57      596     0.17718
57      603     0.16893
57      661     0.17718
57      746     0.18366
57      816     0.19218
57      836     0.32577
57      868     0.16452
57      902     0.23899
57      1066    0.15784
57      1140    0.16429
57      1196    0.19267
57      1216    0.22044
57      1230    0.19031
57      1265    0.16893
57      1414    0.15307
57      1419    0.20250
58      24      0.15598
58      119     0.21624
58      159     0.15212
58      217     0.25865
58      218     0.22996
58      223     0.38508
58      375     0.19223
58      654     0.23825
58      723     0.16793
58      845     0.19336
58      885     0.22715
58      953     0.18128
58      1043    0.19015
58      1049    0.15039
58      1171    0.19711
58      1230    0.15212
58      1426    0.17417
59      509     0.21937
59      712     0.18411
60      39      0.20439
60      43      0.16280
60      47      0.24023
60      89      0.21215
60      447     0.17715
60      449     0.20668
60      464     0.17550
60      652     0.17715
60      762     0.17715
61      569     0.16019
61      634     0.22281
61      706     0.20023
61      736     0.26985
62      25      0.19200
62      53      0.22409
62      58      0.35766
62      86      0.15686
62      90      0.16079
62      149     0.15499
62      430     0.62249
62      443     0.25937
62      446     0.25494
62      455     0.45137
62      464     0.25937
62      489     0.27536
62      562     0.36688
62      566     0.25494
62      688     0.20168
62      745     0.31124
62      790     0.15965
62      810     0.19218
62      820     0.34258
62      894     0.22455
62      1119    0.15360
62      1155    0.20521
62      1363    0.18665
63      46      0.15127
63      128     0.19739
63      407     0.28856
63      646     0.17271
63      1017    0.17271
63      1195    0.15562
64      85      0.18539
64      525     0.19908
64      640     0.17766
64      1030    0.19858
64      1244    0.23367
64      1274    0.19712
64      1314    0.19345
65      197     0.15743
65      448     0.35262
65      635     0.19218
65      754     0.16152
65      779     0.16865
65      819     0.18243
65      1039    0.19968
65      1040    0.19968
65      1245    0.23130
65      1265    0.16865
65      1372    0.22040
66      46      0.15127
66      74      0.16322
66      92      0.32982
66      119     0.21252
66      156     0.16711
66      174     0.16711
66      218     0.22996
66      224     0.22421
66      348     0.24568
66      352     0.17352
66      375     0.19223
66      528     0.24538
66      607     0.19586
66      609     0.17749
66      654     0.26918
66      723     0.17512
66      845     0.19336
66      854     0.16233
66      885     0.25808
66      947     0.18923
66      972     0.15223
66      997     0.19456
66      1049    0.15039
66      1171    0.19711
66      1367    0.19295
67      71      0.17895
67      153     0.19218
67      581     0.15976
67      701     0.21215
67      830     0.21307
67      1091    0.20878
67      1092    0.15911
67      1245    0.23130
67      1248    0.38352
67      1358    0.15976
67      1423    0.18500
68      329     0.17404
68      355     0.18029
68      377     0.15583
68      398     0.19953
68      448     0.35262
68      464     0.17550
68      483     0.17086
68      489     0.27137
68      500     0.17289
68      503     0.15514
68      570     0.25209
68      590     0.15127
68      635     0.19218
68      679     0.15126
68      796     0.16567
68      815     0.16175
68      819     0.18243
68      820     0.16331
68      894     0.22455
68      1045    0.15824
68      1215    0.15127
68      1245    0.23130
68      1421    0.15127
69      301     0.16220
69      489     0.16331
69      627     0.24470
69      798     0.17479
69      820     0.16331
69      894     0.22455
70      304     0.17127
70      575     0.29379
70      1015    0.15092
70      1030    0.19858
70      1134    0.16601
70      1201    0.17852
71      3       0.15360
71      35      0.17957
71      320     0.30291
71      335     0.17920
71      480     0.19804
71      1131    0.15843
71      1224    0.16523
72      68      0.33599
72      84      0.16203
72      329     0.15310
72      486     0.16532
72      519     0.17664
72      636     0.60761
72      649     0.18371
72      666     0.33681
72      810     0.16601
73      318     0.32485
73      442     0.16395
73      511     0.18276
73      569     0.16019
73      668     0.18339
73      706     0.20023
73      862     0.15675
73      1118    0.26129
73      1124    0.23526
73      1197    0.19386
74      17      0.24748
74      92      0.32982
74      119     0.21585
74      211     0.30367
74      216     0.35100
74      218     0.22996
74      270     0.16571
74      348     0.16042
74      387     0.19093
74      427     0.19393
74      436     0.17390
74      654     0.26918
74      687     0.15126
74      694     0.30251
74      695     0.25209
74      698     0.15126
74      774     0.19044
74      854     0.16233
74      884     0.20037
74      885     0.20347
74      947     0.18923
74      961     0.15294
74      972     0.15223
74      1037    0.25934
74      1140    0.15045
74      1171    0.19711
74      1236    0.27649
74      1342    0.15178
74      1365    0.18348
74      1424    0.17266
75      3       0.15360
75      19      0.17029
75      310     0.16397
75      335     0.17920
75      399     0.19663
75      477     0.19461
75      572     0.17029
75      641     0.20496
75      755     0.19715
75      1047    0.15390
75      1185    0.17947
75      1363    0.17805
75      1427    0.26327
76      10      0.17154
76      192     0.16251
76      352     0.20770
76      358     0.17059
76      694     0.21749
76      939     0.17112
76      946     0.15067
76      947     0.18923
76      953     0.18128
76      961     0.16691
76      972     0.15223
76      992     0.17318
76      1014    0.20173
76      1052    0.15532
76      1060    0.15067
76      1236    0.21412
76      1247    0.23543
76      1397    0.16691
77      229     0.15565
77      244     0.18678
77      429     0.16451
77      486     0.16532
77      589     0.32903
77      722     0.19193
77      813     0.21935
78      160     0.19804
78      168     0.25937
78      416     0.19979
78      880     0.16322
78      1202    0.15126
79      70      0.16280
79      128     0.20480
79      329     0.20992
79      350     0.15360
79      447     0.17715
79      449     0.20668
79      450     0.27691
79      500     0.19530
79      523     0.17089
79      630     0.15360
79      649     0.18371
79      652     0.17715
79      666     0.33681
79      762     0.17715
79      974     0.17089
79      1358    0.17920
79      1374    0.17089
79      1417    0.29295
80      28      0.15928
80      65      0.19982
80      76      0.18577
80      111     0.15020
80      198     0.15020
80      203     0.15020
80      380     0.25937
80      428     0.15998
80      588     0.27536
80      613     0.17523
80      614     0.20026
80      618     0.15020
80      744     0.15020
80      748     0.19200
80      756     0.20339
80      759     0.32886
80      785     0.16203
80      959     0.19683
80      1039    0.19968
80      1040    0.19968
80      1123    0.17550
80      1182    0.27313
81      736     0.26985
81      779     0.20167
81      809     0.22281
81      1323    0.16023
81      1399    0.16817
81      1443    0.16817
82      81      0.21307
82      82      0.21307
82      390     0.17612
82      396     0.17612
82      817     0.20942
83      46      0.15127
83      528     0.18635
83      980     0.18132
83      1081    0.18132
84      70      0.21135
84      446     0.15565
84      492     0.17781
84      595     0.16019
84      608     0.29495
84      754     0.16152
84      810     0.19218
84      1245    0.23130
85      1202    0.15126
86      25      0.19200
86      197     0.15743
86      380     0.25937
86      428     0.17953
86      432     0.18934
86      455     0.19200
86      464     0.17550
86      596     0.16203
86      656     0.29051
86      808     0.16601
86      1117    0.26693
86      1119    0.24135
86      1372    0.22040
87      209     0.21669
87      276     0.15478
87      286     0.20750
87      848     0.24765
87      886     0.15478
87      892     0.30036
87      928     0.37148
87      963     0.27861
87      973     0.21669
87      1252    0.24765
87      1395    0.24765
88      19      0.17029
88      128     0.19739
88      222     0.15095
88      317     0.32012
88      380     0.25937
88      390     0.17612
88      396     0.17612
88      477     0.19461
88      512     0.15227
88      572     0.17029
88      646     0.17271
88      649     0.23076
88      755     0.19715
88      1017    0.17271
88      1162    0.23336
88      1164    0.23336
88      1427    0.19715
89      217     0.25865
89      375     0.19223
89      500     0.42366
89      523     0.17089
89      584     0.15867
89      591     0.28920
89      623     0.19114
89      639     0.21596
89      865     0.19252
89      974     0.17089
89      1374    0.17089
89      1417    0.29295
90      89      0.35966
90      105     0.22127
90      107     0.20639
90      533     0.17210
90      1238    0.15525
90      1272    0.16711
91      89      0.21215
91      109     0.16139
91      677     0.30256
91      701     0.38901
91      1194    0.17289
91      1337    0.16139
92      19      0.17029
92      197     0.15743
92      329     0.15432
92      477     0.19461
92      572     0.17029
92      755     0.19715
92      1372    0.22040
92      1427    0.19715
93      320     0.30291
93      802     0.20496
93      1224    0.16523
94      129     0.16296
94      330     0.16296
94      405     0.15360
94      1008    0.20480
94      1396    0.17778
94      1426    0.16493
95      25      0.18444
95      223     0.30712
95      430     0.62249
95      443     0.25937
95      455     0.25937
95      464     0.25937
95      531     0.26798
95      577     0.18049
95      739     0.18384
95      745     0.31124
95      810     0.19218
95      1411    0.18444
96      42      0.16513
96      77      0.15309
96      89      0.21215
96      128     0.19739
96      250     0.18563
96      430     0.62249
96      443     0.25937
96      447     0.17715
96      449     0.20668
96      455     0.25937
96      464     0.25937
96      646     0.17271
96      652     0.17715
96      745     0.31124
96      762     0.17715
96      810     0.19218
96      824     0.17910
96      1017    0.17271
96      1429    0.16619
97      46      0.15127
97      77      0.15309
97      128     0.19739
97      229     0.41101
97      489     0.16331
97      646     0.17271
97      820     0.16331
97      894     0.22455
97      1017    0.17271
98      46      0.15127
98      58      0.17101
98      546     0.19855
98      557     0.16019
98      1155    0.20521
99      896     0.17289
99      1246    0.25568
100     17      0.19594
100     24      0.20757
100     105     0.22127
100     177     0.18735
100     533     0.17210
100     595     0.15906
100     697     0.20203
100     1037    0.25934
100     1115    0.15577
100     1120    0.28309
101     3       0.26744
101     250     0.18563
101     341     0.16220
101     1111    0.19464
101     1204    0.19196
102     28      0.29675
102     447     0.17715
102     449     0.20668
102     479     0.18054
102     489     0.27137
102     500     0.17289
102     531     0.32763
102     549     0.21021
102     590     0.15127
102     652     0.17715
102     762     0.17715
102     773     0.20454
102     812     0.22137
102     820     0.16331
102     894     0.22455
102     1215    0.15127
102     1243    0.20167
102     1421    0.15127
103     128     0.20480
103     326     0.23076
103     350     0.15360
103     630     0.15360
103     736     0.26985
103     810     0.16601
103     1245    0.23130
103     1358    0.17920
103     1416    0.29209
104     62      0.21804
104     149     0.15911
104     251     0.15835
104     355     0.18615
104     444     0.19942
104     447     0.17715
104     449     0.20668
104     486     0.33881
104     489     0.16331
104     492     0.19546
104     500     0.22836
104     652     0.17715
104     727     0.15263
104     752     0.30575
104     762     0.17715
104     785     0.24780
104     820     0.16331
104     829     0.15659
104     894     0.22455
104     1230    0.16043
104     1450    0.18784
105     78      0.22665
105     81      0.34273
105     82      0.29951
105     113     0.17101
105     381     0.15044
105     444     0.18333
105     492     0.17781
105     500     0.40125
105     590     0.15127
105     625     0.22903
105     810     0.16601
105     873     0.18574
105     1049    0.17101
105     1215    0.15127
105     1421    0.15127
106     257     0.15187
106     260     0.15187
106     320     0.30291
106     335     0.22781
106     498     0.18380
106     564     0.20250
106     596     0.17718
106     661     0.17718
106     1224    0.16523
106     1265    0.16865
106     1419    0.20250
107     46      0.15127
107     340     0.19345
107     596     0.16203
107     603     0.16893
107     802     0.29271
107     1245    0.23130
107     1265    0.16893
108     94      0.27198
108     197     0.15743
108     561     0.19193
108     1039    0.19193
108     1246    0.25568
108     1255    0.17033
108     1372    0.22040
109     109     0.16139
109     187     0.20365
109     313     0.27456
109     456     0.17496
109     837     0.15645
109     1030    0.19858
109     1337    0.22758
110     108     0.20496
110     130     0.19228
110     1187    0.25638
111     192     0.15360
111     205     0.26880
111     448     0.35262
111     464     0.17550
111     483     0.16676
111     500     0.22836
111     570     0.25209
111     576     0.23456
111     619     0.19173
111     635     0.19218
111     679     0.19277
111     819     0.18243
111     904     0.15360
111     1197    0.20364
111     1245    0.23130
111     1436    0.15360
