2       376     2.00000
2       378     1.25000
2       440     1.75000
2       496     1.50000
2       513     1.50000
2       528     1.33333
2       568     1.66667
2       631     1.50000
2       637     1.33333
2       733     2.00000
2       790     1.33333
2       810     1.80000
2       815     1.66667
2       901     1.33333
2       1013    2.00000
2       1096    1.75000
2       1138    1.50000
2       1155    2.00000
2       1156    1.33333
2       1158    1.50000
2       1241    2.00000
2       1364    2.00000
3       60      2.00000
3       85      1.77778
3       96      1.50000
3       132     1.40000
3       133     1.75000
3       136     1.44444
3       137     1.62500
3       138     1.60000
3       372     1.33333
3       456     1.80000
3       462     2.00000
3       469     1.62500
3       553     1.33333
3       598     1.62500
3       599     2.00000
3       640     1.87500
3       786     2.00000
3       807     1.33333
3       1022    1.50000
3       1027    1.75000
3       1169    1.66667
3       1179    1.66667
3       1181    2.00000
3       1235    2.00000
3       1241    2.00000
3       1283    2.00000
3       1303    2.00000
3       1405    1.33333
4       601     1.50000
4       690     1.33333
4       790     2.33333
4       1280    1.50000
7       59      2.00000
7       67      1.20000
7       148     1.33333
7       176     2.00000
7       299     1.50000
7       325     1.25000
7       374     1.75000
7       378     1.50000
7       389     2.00000
7       448     2.00000
7       454     1.66667
7       457     1.25000
7       459     2.00000
7       485     1.66667
7       488     1.25000
7       495     1.75000
7       501     1.33333
7       511     1.40000
7       528     1.33333
7       594     1.60000
7       595     1.66667
7       631     1.50000
7       637     2.00000
7       690     1.33333
7       691     1.50000
7       704     1.75000
7       705     1.40000
7       728     2.00000
7       732     2.00000
7       733     1.66667
7       737     1.33333
7       790     1.66667
7       807     1.33333
7       822     1.66667
7       826     2.00000
7       827     1.50000
7       857     1.33333
7       867     1.33333
7       922     1.33333
7       925     2.50000
7       936     1.50000
7       1259    1.33333
7       1264    2.00000
7       1282    2.00000
7       1285    1.33333
7       1290    2.00000
7       1328    2.00000
7       1391    1.33333
8       57      1.50000
8       60      2.00000
8       67      1.20000
8       85      1.77778
8       96      1.50000
8       114     1.50000
8       132     1.40000
8       133     1.75000
8       136     1.44444
8       137     1.62500
8       138     1.60000
8       148     1.33333
8       175     1.50000
8       258     2.00000
8       372     1.33333
8       378     1.25000
8       389     2.00000
8       434     1.75000
8       445     2.00000
8       454     2.00000
8       456     1.80000
8       459     2.00000
8       460     1.66667
8       461     2.00000
8       462     2.00000
8       463     2.00000
8       469     1.62500
8       471     2.00000
8       478     1.20000
8       488     1.25000
8       496     1.50000
8       510     2.00000
8       525     2.00000
8       528     1.33333
8       539     2.00000
8       540     1.20000
8       553     1.33333
8       565     2.50000
8       568     1.33333
8       595     1.33333
8       598     1.62500
8       599     2.00000
8       619     1.33333
8       631     1.50000
8       640     1.87500
8       648     1.75000
8       664     1.80000
8       690     1.33333
8       733     1.66667
8       761     1.66667
8       786     2.00000
8       796     2.33333
8       797     1.33333
8       807     2.66667
8       817     1.66667
8       835     1.33333
8       1010    1.40000
8       1022    1.50000
8       1027    1.75000
8       1067    1.33333
8       1078    1.60000
8       1081    1.50000
8       1084    1.50000
8       1087    1.33333
8       1089    1.33333
8       1125    1.25000
8       1153    1.50000
8       1162    1.40000
8       1164    1.40000
8       1169    1.66667
8       1179    1.66667
8       1181    2.00000
8       1259    1.66667
8       1282    2.00000
8       1283    3.00000
8       1298    1.50000
8       1303    2.00000
8       1305    1.25000
8       1323    2.00000
8       1405    2.00000
8       1421    1.42857
8       1447    1.50000
9       27      2.00000
9       49      1.50000
9       54      1.50000
9       67      1.80000
9       72      1.66667
9       73      1.50000
9       114     2.00000
9       175     2.00000
9       179     1.75000
9       243     1.66667
9       254     1.40000
9       309     1.75000
9       315     1.42857
9       378     1.25000
9       389     1.50000
9       421     1.50000
9       440     1.75000
9       445     2.00000
9       451     1.50000
9       454     2.33333
9       459     2.00000
9       460     1.66667
9       461     2.00000
9       463     2.00000
9       471     2.00000
9       481     2.00000
9       483     1.80000
9       488     1.75000
9       494     1.50000
9       496     1.50000
9       501     1.33333
9       508     1.50000
9       525     2.00000
9       526     1.75000
9       528     2.00000
9       539     2.00000
9       540     1.20000
9       565     1.75000
9       573     1.66667
9       594     1.20000
9       601     1.50000
9       606     2.14286
9       616     1.80000
9       631     1.50000
9       633     1.33333
9       634     1.50000
9       648     1.75000
9       664     1.80000
9       671     1.20000
9       690     2.00000
9       703     1.50000
9       733     1.66667
9       779     1.20000
9       797     1.33333
9       807     1.33333
9       814     1.66667
9       826     2.00000
9       835     1.33333
9       853     1.50000
9       865     1.60000
9       866     1.33333
9       883     1.20000
9       901     1.33333
9       970     2.33333
9       1038    1.83333
9       1078    1.60000
9       1081    1.50000
9       1084    1.50000
9       1089    1.33333
9       1104    2.00000
9       1109    1.66667
9       1110    1.33333
9       1112    1.50000
9       1114    1.66667
9       1120    1.83333
9       1122    1.33333
9       1125    1.50000
9       1128    1.50000
9       1129    1.33333
9       1130    1.33333
9       1136    2.00000
9       1139    1.50000
9       1153    1.50000
9       1172    1.66667
9       1179    1.33333
9       1207    2.00000
9       1209    1.50000
9       1241    2.00000
9       1259    1.33333
9       1282    2.00000
9       1289    2.00000
9       1293    1.33333
9       1294    2.00000
9       1305    1.25000
9       1323    2.00000
9       1327    3.33333
9       1364    2.00000
9       1405    1.66667
9       1413    1.33333
9       1447    1.50000
10      2       1.71429
10      32      1.50000
10      67      1.20000
10      114     1.50000
10      147     1.50000
10      175     1.50000
10      176     2.00000
10      347     1.50000
10      378     1.25000
10      445     2.00000
10      454     2.00000
10      459     2.00000
10      460     1.66667
10      461     2.00000
10      462     2.00000
10      463     2.00000
10      471     2.00000
10      488     1.75000
10      496     1.50000
10      501     1.33333
10      518     1.66667
10      525     2.00000
10      526     1.50000
10      528     1.33333
10      532     1.33333
10      535     1.40000
10      536     1.80000
10      539     2.00000
10      565     1.75000
10      574     1.25000
10      624     1.80000
10      631     1.50000
10      648     1.75000
10      664     1.80000
10      690     1.33333
10      733     1.66667
10      772     2.00000
10      797     1.33333
10      807     2.00000
10      827     1.50000
10      829     1.50000
10      835     1.33333
10      895     1.50000
10      907     1.50000
10      1078    1.60000
10      1081    1.50000
10      1089    1.33333
10      1114    1.66667
10      1125    1.50000
10      1153    1.50000
10      1161    1.50000
10      1191    1.40000
10      1220    1.50000
10      1242    1.33333
10      1259    1.33333
10      1264    2.00000
10      1282    3.00000
10      1305    1.25000
10      1309    1.66667
10      1385    2.50000
10      1405    1.66667
11      15      1.33333
11      29      2.00000
11      32      1.50000
11      67      1.20000
11      95      1.60000
11      96      1.75000
11      98      2.00000
11      110     1.25000
11      114     1.50000
11      132     1.80000
11      134     1.50000
11      147     1.50000
11      148     1.66667
11      166     1.44444
11      175     1.50000
11      274     1.66667
11      328     1.33333
11      372     1.66667
11      378     1.25000
11      385     1.33333
11      440     1.75000
11      445     2.00000
11      454     2.00000
11      459     2.00000
11      460     1.66667
11      461     2.00000
11      463     2.00000
11      471     2.00000
11      474     1.40000
11      475     2.00000
11      481     1.50000
11      488     1.25000
11      496     1.50000
11      513     1.75000
11      525     2.00000
11      528     1.33333
11      537     1.33333
11      539     2.00000
11      540     1.20000
11      560     1.80000
11      565     1.75000
11      592     1.50000
11      619     1.33333
11      631     1.50000
11      642     1.50000
11      646     1.71429
11      648     1.75000
11      664     1.80000
11      686     1.25000
11      690     1.33333
11      719     1.33333
11      731     1.50000
11      733     1.66667
11      769     1.66667
11      771     2.00000
11      796     1.33333
11      797     1.33333
11      807     1.33333
11      814     1.33333
11      827     1.50000
11      829     2.00000
11      835     1.33333
11      899     1.60000
11      907     1.50000
11      956     1.25000
11      1078    1.60000
11      1081    1.50000
11      1084    1.50000
11      1089    2.33333
11      1095    2.66667
11      1098    1.60000
11      1099    1.80000
11      1100    2.00000
11      1102    1.33333
11      1106    2.00000
11      1112    1.50000
11      1116    1.57143
11      1121    1.50000
11      1125    1.25000
11      1151    1.40000
11      1153    2.00000
11      1161    1.50000
11      1190    2.00000
11      1191    1.80000
11      1200    1.33333
11      1223    1.66667
11      1264    2.00000
11      1278    1.50000
11      1282    2.00000
11      1287    1.50000
11      1289    3.00000
11      1295    2.00000
11      1296    2.00000
11      1298    1.50000
11      1305    1.25000
11      1315    1.75000
11      1323    1.50000
11      1342    1.75000
11      1405    1.66667
11      1408    1.60000
11      1428    1.33333
11      1431    1.66667
11      1446    2.00000
11      1447    1.50000
11      1460    1.66667
12      40      1.33333
12      110     1.50000
12      258     2.00000
12      425     1.25000
12      686     1.25000
12      1123    1.60000
12      1157    1.50000
12      1167    2.33333
12      1191    1.20000
12      1209    2.50000
12      1210    1.33333
12      1290    2.00000
13      18      1.33333
13      27      2.00000
13      49      1.75000
13      59      2.00000
13      67      1.80000
13      114     2.00000
13      120     1.80000
13      121     1.75000
13      132     1.40000
13      134     1.50000
13      135     1.71429
13      140     1.85714
13      158     1.83333
13      175     1.50000
13      180     1.80000
13      213     1.50000
13      254     1.40000
13      378     1.25000
13      381     1.40000
13      389     2.00000
13      445     2.00000
13      454     2.33333
13      458     1.71429
13      459     3.00000
13      460     1.66667
13      461     2.00000
13      463     2.00000
13      471     2.00000
13      474     2.00000
13      481     1.50000
13      488     1.25000
13      496     1.50000
13      497     1.83333
13      501     1.33333
13      525     2.00000
13      528     1.33333
13      532     1.33333
13      535     1.40000
13      538     1.71429
13      539     2.00000
13      553     1.66667
13      565     1.75000
13      574     1.50000
13      594     1.60000
13      595     1.66667
13      621     1.40000
13      631     1.50000
13      637     1.33333
13      646     1.71429
13      648     1.75000
13      658     1.75000
13      664     1.80000
13      690     2.00000
13      717     1.66667
13      731     1.50000
13      733     1.66667
13      797     1.33333
13      807     1.33333
13      814     1.33333
13      826     2.00000
13      827     2.50000
13      829     2.00000
13      835     1.33333
13      866     1.66667
13      925     2.00000
13      956     1.25000
13      1022    1.50000
13      1053    1.50000
13      1078    1.60000
13      1081    1.50000
13      1089    1.66667
13      1098    1.60000
13      1101    1.75000
13      1121    1.50000
13      1125    1.50000
13      1143    1.60000
13      1153    1.50000
13      1162    1.40000
13      1164    1.40000
13      1173    1.40000
13      1223    1.66667
13      1282    3.00000
13      1283    2.00000
13      1298    2.00000
13      1305    1.50000
13      1307    1.50000
13      1391    1.33333
13      1405    2.00000
13      1416    1.71429
14      1294    1.50000
15      18      1.33333
15      27      2.00000
15      49      1.75000
15      67      1.80000
15      114     2.00000
15      119     1.25000
15      120     1.40000
15      121     1.75000
15      132     1.40000
15      135     1.71429
15      140     1.85714
15      158     1.83333
15      175     1.50000
15      177     2.66667
15      180     1.80000
15      213     1.50000
15      254     1.40000
15      274     1.66667
15      378     1.25000
15      381     1.40000
15      389     2.00000
15      445     2.00000
15      454     2.33333
15      458     1.71429
15      459     3.00000
15      460     1.66667
15      461     2.00000
15      463     2.00000
15      471     2.00000
15      474     1.60000
15      481     1.25000
15      488     1.25000
15      494     1.50000
15      496     1.50000
15      497     1.83333
15      501     1.33333
15      525     2.00000
15      528     1.33333
15      532     1.33333
15      535     1.40000
15      538     1.71429
15      539     2.00000
15      553     1.66667
15      565     1.75000
15      574     1.50000
15      584     1.25000
15      594     1.60000
15      595     1.66667
15      621     1.40000
15      631     1.50000
15      637     1.33333
15      639     1.20000
15      648     1.75000
15      664     1.80000
15      690     1.33333
15      717     1.66667
15      733     1.66667
15      797     1.33333
15      807     1.33333
15      822     1.33333
15      826     2.00000
15      827     2.00000
15      835     1.33333
15      842     1.80000
15      860     1.25000
15      866     1.66667
15      907     2.00000
15      925     2.50000
15      939     1.50000
15      942     1.50000
15      964     1.20000
15      967     1.33333
15      976     1.50000
15      982     1.50000
15      984     1.66667
15      1009    1.66667
15      1022    1.50000
15      1053    1.50000
15      1078    1.60000
15      1081    1.50000
15      1089    1.33333
15      1121    1.50000
15      1125    1.50000
15      1143    1.60000
15      1153    1.50000
15      1173    1.40000
15      1223    1.66667
15      1266    1.50000
15      1282    3.00000
15      1283    2.00000
15      1298    2.00000
15      1305    1.50000
15      1307    1.50000
15      1391    1.33333
15      1405    2.00000
16      2       1.71429
16      27      2.00000
16      32      1.50000
16      67      1.80000
16      114     2.00000
16      120     1.40000
16      132     1.40000
16      135     1.71429
16      140     1.85714
16      147     1.50000
16      158     1.83333
16      175     1.50000
16      176     2.00000
16      180     1.80000
16      213     1.50000
16      254     1.40000
16      347     1.50000
16      378     1.25000
16      381     1.40000
16      389     2.00000
16      445     2.00000
16      454     2.33333
16      458     1.71429
16      459     3.00000
16      460     1.66667
16      461     2.00000
16      463     2.00000
16      471     2.00000
16      474     1.60000
16      481     1.25000
16      488     1.75000
16      496     1.50000
16      497     1.83333
16      501     2.00000
16      518     1.33333
16      525     2.00000
16      526     1.50000
16      528     1.33333
16      532     1.66667
16      535     1.80000
16      538     1.71429
16      539     2.00000
16      553     1.66667
16      565     1.75000
16      574     1.50000
16      594     1.60000
16      595     1.66667
16      621     1.40000
16      624     1.80000
16      631     1.50000
16      637     1.33333
16      648     1.75000
16      664     1.80000
16      690     1.33333
16      733     1.66667
16      772     2.00000
16      797     1.33333
16      807     2.00000
16      826     2.00000
16      827     2.00000
16      835     1.33333
16      907     2.50000
16      925     2.00000
16      967     1.33333
16      1022    1.50000
16      1053    1.50000
16      1078    1.60000
16      1081    1.50000
16      1089    1.33333
16      1121    1.50000
16      1125    1.50000
16      1143    1.60000
16      1153    1.50000
16      1173    1.40000
16      1223    1.66667
16      1259    1.33333
16      1264    2.00000
16      1282    3.00000
16      1283    2.00000
16      1298    1.50000
16      1305    1.50000
16      1307    2.50000
16      1383    1.66667
16      1391    1.33333
16      1405    2.00000
16      1437    1.50000
17      67      1.20000
17      114     1.50000
17      175     1.50000
17      378     1.25000
17      445     2.00000
17      454     2.00000
17      459     2.00000
17      460     1.66667
17      461     2.00000
17      463     2.00000
17      471     2.00000
17      481     1.25000
17      488     1.25000
17      496     1.50000
17      525     2.00000
17      528     1.33333
17      539     2.00000
17      565     1.75000
17      631     1.50000
17      648     1.75000
17      664     1.80000
17      690     1.33333
17      733     1.66667
17      797     1.33333
17      807     1.33333
17      835     1.33333
17      967     1.66667
17      1072    1.50000
17      1078    1.60000
17      1081    1.50000
17      1089    1.33333
17      1125    1.25000
17      1153    1.50000
17      1282    2.00000
17      1305    1.25000
17      1405    1.66667
20      27      2.00000
20      67      1.20000
20      114     1.50000
20      120     1.40000
20      132     1.40000
20      134     1.25000
20      135     1.71429
20      140     1.85714
20      158     1.83333
20      177     1.66667
20      180     1.80000
20      213     1.50000
20      254     1.40000
20      381     1.40000
20      389     1.50000
20      454     1.33333
20      458     1.71429
20      459     2.00000
20      474     1.60000
20      497     1.83333
20      501     1.33333
20      532     1.33333
20      535     1.40000
20      538     1.71429
20      553     1.66667
20      574     1.50000
20      595     1.66667
20      621     1.40000
20      827     2.00000
20      860     1.25000
20      925     1.50000
20      1022    1.50000
20      1053    1.50000
20      1121    1.50000
20      1125    1.25000
20      1143    1.60000
20      1173    1.40000
20      1223    1.66667
20      1282    2.00000
20      1283    2.00000
20      1298    1.50000
20      1305    1.25000
20      1405    1.33333
21      29      2.00000
21      60      1.33333
21      131     1.57143
21      132     1.40000
21      133     1.75000
21      274     1.66667
21      454     1.33333
21      553     1.33333
21      770     1.33333
21      1114    1.66667
21      1128    1.50000
21      1153    2.00000
21      1282    2.00000
21      1446    1.50000
22      60      1.33333
22      131     1.57143
22      132     1.40000
22      133     1.75000
22      454     1.33333
22      553     1.33333
22      770     1.33333
22      1114    1.66667
22      1128    1.50000
23      2       1.71429
23      27      2.00000
23      29      2.00000
23      32      1.50000
23      36      2.00000
23      67      1.20000
23      114     1.50000
23      120     1.40000
23      132     1.40000
23      135     1.71429
23      140     1.85714
23      147     1.50000
23      158     1.83333
23      167     1.33333
23      177     2.66667
23      180     1.80000
23      184     1.57143
23      213     1.50000
23      240     1.25000
23      254     1.40000
23      262     2.00000
23      264     2.00000
23      274     2.33333
23      280     1.66667
23      347     1.50000
23      381     1.40000
23      389     1.50000
23      454     1.66667
23      458     1.71429
23      459     2.00000
23      474     1.60000
23      497     1.83333
23      501     2.00000
23      511     1.20000
23      532     1.66667
23      535     1.80000
23      538     1.71429
23      553     1.66667
23      574     1.50000
23      621     1.40000
23      624     1.80000
23      719     1.33333
23      770     1.33333
23      772     2.00000
23      774     1.20000
23      807     1.33333
23      827     1.50000
23      842     1.80000
23      860     1.25000
23      907     2.50000
23      925     2.00000
23      939     1.50000
23      942     1.50000
23      964     1.20000
23      967     1.33333
23      976     1.50000
23      982     1.50000
23      1022    1.50000
23      1053    1.50000
23      1121    1.50000
23      1125    1.25000
23      1143    1.60000
23      1153    1.50000
23      1173    1.40000
23      1223    1.66667
23      1264    2.00000
23      1266    2.00000
23      1282    2.00000
23      1283    2.00000
23      1298    1.50000
23      1305    1.25000
23      1322    2.00000
23      1405    1.33333
23      1446    1.50000
25      18      1.33333
25      27      2.00000
25      49      1.75000
25      67      1.20000
25      114     1.50000
25      120     1.40000
25      121     1.75000
25      132     1.40000
25      135     1.71429
25      140     1.85714
25      158     1.83333
25      180     1.80000
25      213     1.50000
25      254     1.40000
25      381     1.40000
25      389     1.50000
25      454     1.33333
25      458     1.71429
25      459     2.00000
25      474     1.60000
25      497     1.83333
25      501     1.33333
25      532     1.33333
25      535     1.40000
25      538     1.71429
25      553     1.66667
25      574     1.50000
25      621     1.40000
25      717     1.66667
25      827     1.50000
25      925     1.50000
25      1022    1.50000
25      1053    1.50000
25      1121    1.50000
25      1125    1.25000
25      1143    1.60000
25      1153    1.50000
25      1173    1.40000
25      1223    1.66667
25      1282    2.00000
25      1283    2.00000
25      1289    2.00000
25      1298    2.00000
25      1303    2.00000
25      1305    1.25000
25      1405    1.33333
28      27      2.00000
28      67      1.20000
28      114     1.50000
28      120     1.40000
28      132     1.40000
28      135     1.71429
28      140     1.85714
28      158     1.83333
28      180     1.80000
28      213     1.50000
28      254     1.40000
28      381     1.40000
28      389     1.50000
28      454     1.33333
28      458     1.71429
28      459     2.00000
28      474     1.60000
28      497     1.83333
28      501     1.33333
28      532     1.33333
28      535     1.40000
28      538     1.71429
28      553     1.66667
28      574     1.50000
28      621     1.40000
28      696     1.33333
28      827     1.50000
28      925     1.50000
28      1022    1.50000
28      1053    1.50000
28      1114    1.66667
28      1121    1.50000
28      1125    1.25000
28      1143    1.60000
28      1173    1.40000
28      1223    1.66667
28      1282    2.00000
28      1283    2.00000
28      1298    1.50000
28      1305    1.25000
28      1405    1.33333
28      1460    1.33333
29      389     1.50000
29      869     1.33333
29      1283    2.00000
30      18      1.33333
30      49      1.75000
30      112     2.00000
30      121     1.75000
30      717     1.66667
30      1114    1.66667
30      1156    1.50000
30      1167    1.33333
30      1209    1.50000
30      1298    1.50000
31      27      2.00000
31      67      1.20000
31      114     1.50000
31      120     1.40000
31      132     1.40000
31      135     1.71429
31      140     1.85714
31      158     1.83333
31      180     1.80000
31      213     1.50000
31      254     1.40000
31      313     1.75000
31      381     1.40000
31      389     1.50000
31      454     1.33333
31      458     1.71429
31      459     2.00000
31      474     1.60000
31      497     1.83333
31      501     1.33333
31      532     1.33333
31      535     1.40000
31      537     1.33333
31      538     1.71429
31      553     1.66667
31      574     1.50000
31      621     1.40000
31      827     1.50000
31      837     1.75000
31      925     1.50000
31      1022    1.50000
31      1053    1.50000
31      1121    1.50000
31      1125    1.25000
31      1143    1.60000
31      1153    1.50000
31      1173    1.40000
31      1223    1.66667
31      1282    2.00000
31      1283    2.00000
31      1297    2.33333
31      1298    1.50000
31      1305    1.25000
31      1370    1.66667
31      1405    1.33333
32      1067    1.66667
33      27      2.00000
33      49      1.75000
33      67      2.60000
33      114     2.00000
33      120     1.40000
33      121     1.50000
33      132     1.40000
33      135     1.71429
33      140     1.85714
33      158     1.83333
33      175     1.50000
33      177     1.66667
33      180     1.80000
33      213     1.50000
33      254     1.40000
33      378     1.75000
33      381     1.40000
33      389     2.00000
33      445     2.00000
33      454     2.33333
33      456     1.60000
33      458     1.71429
33      459     3.00000
33      460     1.66667
33      461     2.00000
33      463     2.00000
33      471     2.00000
33      474     1.60000
33      488     1.25000
33      496     1.50000
33      497     1.83333
33      501     1.33333
33      525     2.00000
33      528     2.33333
33      532     1.33333
33      535     1.40000
33      538     1.71429
33      539     2.00000
33      546     1.50000
33      553     1.66667
33      565     1.75000
33      574     1.50000
33      594     2.20000
33      595     1.66667
33      606     1.71429
33      621     1.40000
33      631     1.50000
33      637     2.00000
33      648     2.50000
33      664     1.80000
33      690     1.33333
33      733     1.66667
33      779     1.20000
33      783     1.33333
33      797     1.33333
33      807     1.33333
33      826     2.00000
33      827     2.00000
33      835     1.33333
33      860     1.25000
33      898     2.00000
33      925     2.00000
33      942     1.50000
33      1022    1.50000
33      1053    1.50000
33      1078    1.60000
33      1081    2.50000
33      1089    1.33333
33      1107    2.00000
33      1121    1.50000
33      1125    1.50000
33      1143    1.60000
33      1153    2.00000
33      1173    1.40000
33      1223    1.66667
33      1282    4.00000
33      1283    2.00000
33      1298    1.50000
33      1305    1.50000
33      1307    1.50000
33      1361    1.75000
33      1391    1.33333
33      1405    2.00000
34      146     1.50000
34      389     1.50000
34      737     1.33333
34      827     1.50000
34      1283    2.00000
34      1391    2.00000
35      18      1.33333
35      49      1.75000
35      121     1.75000
35      481     1.25000
35      717     1.66667
35      1298    1.50000
40      54      1.50000
40      107     1.25000
40      116     1.25000
40      284     2.00000
40      344     2.00000
40      384     1.50000
40      710     2.00000
40      760     1.20000
40      832     2.00000
40      970     1.33333
40      1004    3.00000
40      1162    1.40000
40      1164    1.40000
40      1280    2.00000
40      1323    2.00000
40      1382    2.00000
40      1388    2.00000
40      1409    1.33333
40      1412    1.50000
42      67      1.20000
42      114     1.50000
42      175     1.50000
42      378     1.25000
42      445     2.00000
42      454     2.00000
42      459     2.00000
42      460     1.66667
42      461     2.00000
42      463     2.00000
42      471     2.00000
42      488     1.25000
42      496     1.50000
42      525     2.00000
42      528     1.33333
42      539     2.00000
42      554     1.33333
42      565     1.75000
42      631     1.50000
42      648     1.75000
42      664     1.80000
42      690     1.33333
42      733     1.66667
42      797     1.33333
42      807     1.33333
42      835     1.33333
42      1078    1.60000
42      1081    1.50000
42      1089    1.33333
42      1125    1.25000
42      1153    1.50000
42      1282    2.00000
42      1305    1.25000
42      1405    1.66667
44      15      1.66667
44      97      1.60000
44      777     1.66667
44      1083    1.50000
44      1167    1.33333
44      1460    1.33333
45      284     2.00000
45      287     2.00000
45      406     1.33333
47      63      1.50000
47      67      1.20000
47      114     1.50000
47      122     1.28571
47      175     1.50000
47      323     1.83333
47      378     1.25000
47      389     1.50000
47      411     1.33333
47      445     2.00000
47      454     2.00000
47      459     2.00000
47      460     1.66667
47      461     2.00000
47      463     2.00000
47      471     2.00000
47      488     1.25000
47      496     1.50000
47      525     2.00000
47      528     1.33333
47      539     2.00000
47      540     1.20000
47      565     1.75000
47      631     1.50000
47      648     1.75000
47      664     1.80000
47      690     1.33333
47      733     1.66667
47      797     1.33333
47      807     1.33333
47      835     1.33333
47      907     1.50000
47      1004    1.50000
47      1013    2.00000
47      1053    1.50000
47      1078    1.60000
47      1081    1.50000
47      1089    1.33333
47      1125    1.25000
47      1153    2.50000
47      1161    1.50000
47      1178    1.33333
47      1223    1.33333
47      1282    2.00000
47      1289    2.00000
47      1303    2.00000
47      1305    1.25000
47      1323    2.00000
47      1405    1.66667
48      15      1.33333
48      32      1.50000
48      67      1.20000
48      96      1.75000
48      114     1.50000
48      132     1.80000
48      148     1.66667
48      175     1.50000
48      328     1.33333
48      378     1.25000
48      445     2.00000
48      454     2.00000
48      459     2.00000
48      460     1.66667
48      461     2.00000
48      463     2.00000
48      471     2.00000
48      475     2.00000
48      481     1.25000
48      488     1.25000
48      496     1.50000
48      525     2.00000
48      528     1.33333
48      537     1.33333
48      539     2.00000
48      540     1.20000
48      565     1.75000
48      619     1.33333
48      631     1.50000
48      642     1.50000
48      648     1.75000
48      664     1.80000
48      690     1.33333
48      733     1.66667
48      769     1.66667
48      771     2.00000
48      796     1.33333
48      797     1.33333
48      807     1.33333
48      835     1.33333
48      907     1.50000
48      1078    1.60000
48      1081    1.50000
48      1089    1.33333
48      1095    2.00000
48      1106    2.00000
48      1125    1.25000
48      1151    1.40000
48      1153    1.50000
48      1264    2.00000
48      1282    2.00000
48      1289    2.00000
48      1296    2.00000
48      1305    1.25000
48      1323    1.50000
48      1405    1.66667
48      1408    1.60000
49      67      1.20000
49      114     1.50000
49      175     1.50000
49      378     1.25000
49      445     2.00000
49      454     2.00000
49      459     2.00000
49      460     1.66667
49      461     2.00000
49      463     2.00000
49      471     2.00000
49      488     1.25000
49      496     1.50000
49      525     2.00000
49      528     1.33333
49      537     1.33333
49      539     2.00000
49      565     1.75000
49      631     1.50000
49      648     1.75000
49      664     1.80000
49      690     1.33333
49      733     1.66667
49      770     1.33333
49      797     1.33333
49      807     3.00000
49      835     2.00000
49      837     1.75000
49      907     1.50000
49      967     1.33333
49      1078    1.60000
49      1081    1.50000
49      1089    1.33333
49      1102    1.33333
49      1125    1.25000
49      1153    1.50000
49      1282    2.00000
49      1297    1.66667
49      1305    1.25000
49      1398    2.00000
49      1405    2.00000
50      213     1.50000
50      354     1.75000
50      388     2.00000
50      501     1.33333
50      898     2.00000
50      1137    1.50000
50      1259    1.33333
50      1391    1.66667
52      148     1.33333
52      243     1.33333
52      262     2.00000
52      382     1.80000
52      468     2.00000
52      547     1.66667
52      883     1.60000
52      986     2.00000
52      1051    1.75000
52      1207    2.00000
53      299     1.50000
55      883     1.60000
56      2       1.71429
56      32      1.50000
56      147     1.50000
56      347     1.50000
56      501     1.33333
56      502     1.50000
56      535     1.40000
56      624     1.80000
56      772     2.00000
56      807     1.33333
56      907     1.50000
56      970     1.33333
56      1264    2.00000
57      1230    1.50000
58      943     1.75000
58      981     2.00000
58      1400    1.50000
59      454     1.33333
59      595     1.33333
59      806     2.00000
59      807     1.33333
60      39      1.50000
60      50      2.00000
60      444     1.66667
60      473     1.33333
60      713     1.33333
61      451     1.50000
61      483     1.20000
61      528     1.33333
61      579     1.66667
64      15      1.33333
64      516     1.75000
64      807     1.33333
64      907     1.50000
64      1153    1.50000
64      1297    1.66667
64      1305    1.25000
65      35      2.00000
65      67      1.20000
65      309     1.75000
65      362     1.50000
65      421     1.50000
65      444     1.33333
65      448     2.00000
65      451     1.50000
65      471     1.66667
65      481     1.50000
65      483     1.80000
65      492     1.75000
65      508     1.50000
65      514     1.80000
65      518     1.66667
65      526     1.25000
65      528     1.33333
65      576     1.50000
65      594     1.20000
65      606     1.57143
65      631     1.75000
65      634     1.50000
65      644     1.50000
65      659     2.00000
65      690     1.33333
65      724     1.33333
65      754     2.50000
65      779     1.20000
65      797     1.33333
65      819     1.33333
65      826     2.00000
65      829     2.00000
65      866     1.33333
65      883     1.20000
65      956     1.75000
65      1124    2.00000
65      1127    1.50000
65      1136    2.00000
65      1259    1.33333
65      1290    2.00000
65      1327    3.00000
65      1366    1.66667
65      1413    1.33333
66      297     1.50000
66      885     2.33333
66      910     2.00000
66      914     1.66667
66      918     1.25000
66      947     2.00000
66      972     1.75000
66      976     1.50000
66      1056    1.66667
66      1400    1.50000
67      1222    2.00000
69      501     2.00000
70      1015    1.66667
71      121     1.50000
71      362     2.00000
71      487     1.75000
71      815     1.33333
71      842     1.80000
71      1054    1.66667
71      1130    1.33333
71      1191    1.80000
73      318     3.00000
73      619     1.66667
73      637     1.66667
73      871     2.00000
73      1124    2.00000
73      1175    1.50000
73      1197    1.40000
74      4       2.33333
74      8       1.20000
74      24      1.25000
74      92      1.83333
74      119     1.50000
74      177     2.00000
74      178     2.00000
74      185     2.50000
74      200     1.37500
74      211     2.00000
74      262     2.00000
74      267     2.00000
74      287     2.00000
74      295     2.33333
74      348     1.62500
74      351     2.00000
74      370     1.33333
74      394     1.33333
74      409     1.50000
74      436     1.50000
74      551     1.66667
74      654     2.00000
74      774     1.20000
74      818     2.00000
74      823     1.66667
74      854     1.75000
74      884     1.66667
74      885     2.66667
74      906     2.00000
74      907     2.00000
74      908     1.33333
74      909     1.50000
74      918     1.25000
74      922     2.00000
74      923     1.20000
74      925     1.50000
74      932     1.83333
74      936     2.50000
74      937     1.66667
74      939     2.00000
74      943     1.75000
74      947     2.00000
74      952     2.00000
74      955     1.50000
74      960     1.66667
74      961     1.75000
74      962     1.25000
74      964     1.40000
74      972     1.75000
74      976     1.50000
74      977     2.00000
74      997     1.66667
74      998     2.00000
74      1009    2.00000
74      1013    2.00000
74      1015    1.33333
74      1020    1.60000
74      1023    1.33333
74      1052    2.00000
74      1146    1.50000
74      1203    2.00000
74      1211    1.33333
74      1236    1.33333
74      1238    1.50000
74      1247    1.25000
74      1257    1.66667
74      1266    1.50000
74      1268    2.00000
74      1318    1.33333
74      1342    1.50000
74      1352    1.33333
74      1365    1.75000
74      1400    1.50000
74      1401    1.66667
74      1403    1.40000
74      1410    1.20000
74      1432    1.50000
79      73      1.50000
79      690     1.33333
79      1391    1.33333
81      1323    1.50000
83      54      1.50000
83      483     1.40000
83      644     1.50000
83      659     2.00000
83      710     1.50000
83      1327    1.66667
84      35      2.00000
84      492     1.50000
84      754     2.00000
84      797     1.33333
84      956     1.75000
84      1127    1.50000
84      1282    2.00000
84      1327    1.33333
87      13      1.50000
87      874     1.75000
87      892     1.75000
87      970     1.33333
88      54      1.50000
88      319     1.80000
88      501     1.33333
88      508     1.50000
88      526     1.25000
88      576     1.50000
88      645     2.00000
88      755     1.75000
88      1139    1.50000
88      1162    1.40000
88      1164    1.40000
88      1225    1.33333
88      1259    1.33333
88      1327    1.66667
88      1427    2.25000
89      500     2.00000
89      584     1.75000
89      591     1.83333
89      623     2.00000
89      639     1.60000
89      792     1.20000
89      1353    1.33333
94      528     1.33333
94      693     1.50000
94      880     1.50000
94      1241    2.00000
94      1366    1.66667
99      67      1.20000
99      124     1.33333
99      309     1.75000
99      389     1.50000
99      451     1.50000
99      481     1.25000
99      491     1.66667
99      508     1.50000
99      526     1.25000
99      528     2.00000
99      547     1.33333
99      576     1.50000
99      594     1.20000
99      606     1.57143
99      634     1.50000
99      690     1.33333
99      710     1.50000
99      779     1.20000
99      797     1.66667
99      826     2.00000
99      866     1.33333
99      883     1.20000
99      1136    2.00000
99      1139    1.50000
99      1162    1.40000
99      1164    1.40000
99      1259    1.33333
99      1327    2.33333
99      1427    1.50000
100     67      1.20000
100     389     1.50000
100     454     1.33333
100     459     2.00000
100     594     1.60000
100     595     1.66667
100     637     1.33333
100     826     2.00000
100     827     1.50000
100     925     1.50000
100     1282    2.00000
100     1391    1.33333
102     479     1.75000
102     812     1.80000
104     149     1.33333
105     51      1.66667
105     500     2.00000
105     644     1.50000
105     662     1.66667
106     27      2.00000
106     67      1.80000
106     114     2.00000
106     120     1.40000
106     132     1.40000
106     135     1.71429
106     140     1.85714
106     158     1.83333
106     175     1.50000
106     180     1.80000
106     213     1.50000
106     254     1.40000
106     321     1.80000
106     378     1.25000
106     381     1.40000
106     389     2.00000
106     445     2.00000
106     454     2.33333
106     458     1.71429
106     459     3.00000
106     460     1.66667
106     461     2.00000
106     463     2.00000
106     471     2.00000
106     474     1.60000
106     488     1.25000
106     496     1.50000
106     497     1.83333
106     501     1.33333
106     525     2.00000
106     528     1.33333
106     532     1.33333
106     535     1.40000
106     538     1.71429
106     539     2.00000
106     553     1.66667
106     565     1.75000
106     574     1.50000
106     594     1.60000
106     595     1.66667
106     621     1.40000
106     631     1.50000
106     633     1.33333
106     637     1.33333
106     648     1.75000
106     664     1.80000
106     690     1.33333
106     733     1.66667
106     797     1.33333
106     807     2.33333
106     826     2.00000
106     827     2.00000
106     835     1.33333
106     925     2.00000
106     1022    1.50000
106     1053    1.50000
106     1078    1.60000
106     1081    1.50000
106     1089    1.33333
106     1121    1.50000
106     1125    1.50000
106     1129    1.33333
106     1143    1.60000
106     1153    1.50000
106     1173    1.40000
106     1223    1.66667
106     1282    3.00000
106     1283    2.00000
106     1298    1.50000
106     1305    1.50000
106     1307    1.50000
106     1391    1.33333
106     1405    2.00000
108     148     1.33333
108     442     1.33333
108     601     1.50000
108     1255    1.60000
111     362     1.50000
111     576     3.00000
111     724     1.33333
111     819     1.33333
111     1327    1.33333
